604
0 9970
12 9970
12 9965
63 9965
63 9929
137 9929
137 9790
190 9790
190 9767
313 9767
313 9738
351 9738
351 9707
375 9707
375 9657
406 9657
406 9611
447 9611
447 9500
549 9500
549 9464
570 9464
570 9419
595 9419
595 9379
647 9379
647 9343
699 9343
699 9235
830 9235
830 9156
886 9156
886 9130
915 9130
915 9048
1070 9048
1070 8995
1116 8995
1116 8887
1145 8887
1145 8763
1175 8763
1175 8715
1221 8715
1221 8696
1274 8696
1274 8673
1344 8673
1344 8551
1452 8551
1452 8518
1488 8518
1488 8474
1538 8474
1538 8374
1577 8374
1577 8328
1647 8328
1647 8309
1694 8309
1694 8181
1811 8181
1811 8123
1903 8123
1903 8099
1993 8099
1993 8002
2097 8002
2097 7930
2191 7930
2191 7848
2259 7848
2259 7757
2340 7757
2340 7676
2396 7676
2396 7547
2586 7547
2586 7469
2631 7469
2631 7390
2710 7390
2710 7301
2793 7301
2793 7206
2885 7206
2885 7043
2997 7043
2997 7019
3040 7019
3040 6976
3172 6976
3172 6877
3223 6877
3223 6840
3357 6840
3357 6817
3483 6817
3483 6696
3528 6696
3528 6656
3587 6656
3587 6600
3640 6600
3640 6558
3699 6558
3699 6472
3754 6472
3754 6457
3770 6457
3770 6424
3843 6424
3843 6350
3916 6350
3916 6309
3950 6309
3950 6229
4030 6229
4030 6127
4126 6127
4126 6058
4150 6058
4150 5934
4276 5934
4276 5781
4324 5781
4324 5747
4383 5747
4383 5723
4420 5723
4420 5635
4486 5635
4486 5565
4569 5565
4569 5493
4598 5493
4598 5342
4658 5342
4658 5258
4884 5258
4884 5193
5037 5193
5037 5153
5103 5153
5103 5080
5169 5080
5169 4997
5221 4997
5221 4955
5272 4955
5272 4931
5289 4931
5289 4895
5311 4895
5311 4877
5346 4877
5346 4819
5430 4819
5430 4795
5522 4795
5522 4739
5617 4739
5617 4661
5631 4661
5631 4606
5710 4606
5710 4558
5777 4558
5777 4524
5797 4524
5797 4497
5827 4497
5827 4422
5934 4422
5934 4338
5963 4338
5963 4277
6012 4277
6012 4213
6063 4213
6063 4181
6125 4181
6125 4154
6193 4154
6193 4120
6224 4120
6224 4104
6256 4104
6256 4001
6321 4001
6321 3965
6385 3965
6385 3921
6434 3921
6434 3886
6454 3886
6454 3779
6572 3779
6572 3715
6656 3715
6656 3687
6773 3687
6773 3646
6819 3646
6819 3616
6851 3616
6851 3494
6948 3494
6948 3430
7018 3430
7018 3390
7068 3390
7068 3285
7093 3285
7093 3225
7130 3225
7130 3207
7163 3207
7163 3160
7198 3160
7198 3118
7224 3118
7224 3048
7297 3048
7297 2994
7343 2994
7343 2887
7394 2887
7394 2869
7412 2869
7412 2754
7548 2754
7548 2654
7599 2654
7599 2594
7648 2594
7648 2510
7746 2510
7746 2497
7821 2497
7821 2418
7850 2418
7850 2367
7905 2367
7905 2316
7935 2316
7935 2285
8002 2285
8002 2200
8037 2200
8037 2112
8094 2112
8094 2046
8254 2046
8254 1910
8303 1910
8303 1818
8351 1818
8351 1729
8405 1729
8405 1666
8612 1666
8612 1563
8630 1563
8630 1532
8720 1532
8720 1414
8772 1414
8772 1367
8810 1367
8810 1268
8855 1268
8855 1129
8935 1129
8935 1058
8990 1058
8990 1006
9056 1006
9056 909
9166 909
9166 875
9334 875
9334 764
9359 764
9359 721
9396 721
9396 671
9452 671
9452 635
9479 635
9479 604
9503 604
9503 577
9559 577
9559 549
9635 549
9635 365
9762 365
9762 282
9826 282
9826 225
9854 225
9854 125
9905 125
9905 70
9950 70
9950 67
16 67
16 13
16 46
61 46
61 61
132 61
132 98
194 98
194 192
350 192
350 272
379 272
379 369
423 369
423 463
489 463
489 545
548 545
548 578
572 578
572 616
649 616
649 678
697 678
697 726
774 726
774 760
831 760
831 818
883 818
883 899
962 899
962 934
1073 934
1073 985
1122 985
1122 1042
1169 1042
1169 1097
1208 1097
1208 1152
1257 1152
1257 1253
1296 1253
1296 1365
1349 1365
1349 1417
1455 1417
1455 1530
1523 1530
1523 1596
1558 1596
1558 1661
1624 1661
1624 1705
1691 1705
1691 1764
1780 1764
1780 1825
1814 1825
1814 1911
1890 1911
1890 2029
1975 2029
1975 2048
2049 2048
2049 2111
2098 2111
2098 2211
2148 2211
2148 2303
2199 2303
2199 2343
2256 2343
2256 2364
2337 2364
2337 2484
2371 2484
2371 2514
2517 2514
2517 2637
2582 2637
2582 2719
2602 2719
2602 2762
2684 2762
2684 2873
2780 2873
2780 2898
2817 2898
2817 2997
2843 2997
2843 3053
2934 3053
2934 3153
2968 3153
2968 3186
3008 3186
3008 3284
3211 3284
3211 3394
3317 3394
3317 3454
3386 3454
3386 3475
3487 3475
3487 3514
3571 3514
3571 3612
3620 3612
3620 3719
3744 3719
3744 3736
3775 3736
3775 3819
3882 3819
3882 3927
3922 3927
3922 3964
3985 3964
3985 4116
4120 4116
4120 4174
4157 4174
4157 4212
4271 4212
4271 4233
4331 4233
4331 4366
4411 4366
4411 4382
4437 4382
4437 4449
4508 4449
4508 4525
4600 4525
4600 4601
4659 4601
4659 4666
4688 4666
4688 4709
4887 4709
4887 4738
4997 4738
4997 4797
5041 4797
5041 4829
5145 4829
5145 4888
5222 4888
5222 4998
5320 4998
5320 5085
5351 5085
5351 5166
5468 5166
5468 5204
5560 5204
5560 5252
5614 5252
5614 5274
5643 5274
5643 5348
5741 5348
5741 5434
5795 5434
5795 5563
5829 5563
5829 5590
5908 5590
5908 5725
5962 5725
5962 5788
6011 5788
6011 5830
6045 5830
6045 5932
6129 5932
6129 6056
6202 6056
6202 6148
6243 6148
6243 6221
6289 6221
6289 6264
6333 6264
6333 6340
6442 6340
6442 6415
6495 6415
6495 6443
6542 6443
6542 6471
6623 6471
6623 6520
6704 6520
6704 6564
6795 6564
6795 6603
6845 6603
6845 6677
6879 6677
6879 6793
6951 6793
6951 6823
6981 6823
6981 6847
7094 6847
7094 7008
7131 7008
7131 7020
7194 7020
7194 7129
7285 7129
7285 7200
7336 7200
7336 7258
7376 7258
7376 7327
7406 7327
7406 7370
7458 7370
7458 7403
7538 7403
7538 7493
7596 7493
7596 7536
7643 7536
7643 7669
7762 7669
7762 7729
7854 7729
7854 7819
7881 7819
7881 7870
7921 7870
7921 7940
7952 7940
7952 7980
8030 7980
8030 8019
8092 8019
8092 8098
8216 8098
8216 8162
8285 8162
8285 8194
8350 8194
8350 8308
8424 8308
8424 8325
8506 8325
8506 8430
8615 8430
8615 8479
8631 8479
8631 8571
8819 8571
8819 8670
8865 8670
8865 8703
8904 8703
8904 8787
9019 8787
9019 8952
9059 8952
9059 9019
9106 9019
9106 9058
9216 9058
9216 9145
9271 9145
9271 9251
9382 9251
9382 9371
9496 9371
9496 9454
9557 9454
9557 9487
9587 9487
9587 9505
9655 9505
9655 9658
9811 9658
9811 9732
9845 9732
9845 9765
9877 9765
9877 9793
9907 9793
9907 9841
9925 9841
9925 9934
9966 9934
9966 9964
10001 9964
10001 9977
