5248
0 23746
7 23746
7 23475
261 23475
261 22972
617 22972
617 22222
1116 22222
1116 21704
1683 21704
1683 21492
2408 21492
2408 21189
2721 21189
2721 20780
3137 20780
3137 20601
3244 20601
3244 19978
3562 19978
3562 19867
4067 19867
4067 19529
4576 19529
4576 19149
4806 19149
4806 18789
5291 18789
5291 17629
5952 17629
5952 16634
6249 16634
6249 16296
6700 16296
6700 15911
7086 15911
7086 15659
7586 15659
7586 14523
7843 14523
7843 14095
8126 14095
8126 13434
8813 13434
8813 13161
9075 13161
9075 12879
9182 12879
9182 12246
9569 12246
9569 11883
9817 11883
9817 11203
9967 11203
9967 10699
10392 10699
10392 10291
10719 10291
10719 10225
11177 10225
11177 10089
11444 10089
11444 9851
11748 9851
11748 9606
12075 9606
12075 9383
12141 9383
12141 9134
12447 9134
12447 8235
12691 8235
12691 7302
13250 7302
13250 6977
13755 6977
13755 6541
14068 6541
14068 6303
14333 6303
14333 5666
14727 5666
14727 4979
15546 4979
15546 4585
15838 4585
15838 3895
16335 3895
16335 3819
16731 3819
16731 3690
17270 3690
17270 3422
17596 3422
17596 3329
17718 3329
17718 2933
17948 2933
17948 2758
18217 2758
18217 2150
18882 2150
18882 2076
19144 2076
19144 1649
19264 1649
19264 1442
19686 1442
19686 1100
20205 1100
20205 884
20817 884
20817 313
21224 313
21224 25
23779 25
14 25
14 9283
14 9329
131 9329
131 9960
379 9960
379 10361
766 10361
766 10833
1455 10833
1455 11120
1575 11120
1575 11726
1894 11726
1894 12124
2689 12124
2689 12524
3032 12524
3032 12998
3749 12998
3749 13323
3919 13323
3919 13551
4670 13551
4670 13654
4995 13654
4995 14314
5225 14314
5225 15102
5459 15102
5459 15354
5652 15354
5652 15774
6273 15774
6273 16709
6773 16709
6773 17423
7253 17423
7253 17875
7524 17875
7524 18193
7542 18193
7542 18629
7666 18629
7666 19116
7882 19116
7882 19319
8584 19319
8584 19566
8817 19566
8817 20196
9082 20196
9082 20447
9654 20447
9654 20668
10620 20668
10620 21153
11520 21153
11520 21740
11710 21740
11710 22309
11958 22309
11958 22812
12353 22812
12353 23173
13190 23173
13190 23635
13636 23635
13636 23931
14348 23931
14348 24517
14570 24517
14570 24899
21342 24899
21342 24970
17 24970
17 9390
17 9936
608 9936
608 10103
1170 10103
1170 10637
1654 10637
1654 11060
2249 11060
2249 11792
2878 11792
2878 12349
3513 12349
3513 12431
4037 12431
4037 12750
4365 12750
4365 13216
4935 13216
4935 13870
5528 13870
5528 14845
6229 14845
6229 15219
6787 15219
6787 15722
7668 15722
7668 16040
8030 16040
8030 16597
8203 16597
8203 16838
8602 16838
8602 17030
8988 17030
8988 17848
9297 17848
9297 18372
9961 18372
9961 19450
10418 19450
10418 20441
11327 20441
11327 20980
11545 20980
11545 21246
12496 21246
12496 21503
12556 21503
12556 22297
13431 22297
13431 22577
13827 22577
13827 22864
14249 22864
14249 23395
14676 23395
14676 23720
14881 23720
14881 24472
15558 24472
15558 24736
16014 24736
16014 24896
22930 24896
22930 24962
24428 24962
24428 14991
27 14991
27 14744
565 14744
565 14358
1095 14358
1095 13383
1664 13383
1664 13212
2901 13212
2901 12571
3598 12571
3598 11539
3783 11539
3783 11180
4271 11180
4271 10809
4296 10809
4296 10725
4810 10725
4810 10484
5422 10484
5422 10071
5564 10071
5564 9844
6054 9844
6054 9107
6570 9107
6570 8871
7428 8871
7428 8364
7750 8364
7750 7695
8618 7695
8618 7639
8991 7639
8991 7595
9325 7595
9325 7038
10113 7038
10113 6473
10656 6473
10656 5863
10827 5863
10827 5485
11453 5485
11453 4916
11682 4916
11682 4683
12123 4683
12123 4204
12741 4204
12741 3709
13219 3709
13219 2952
13564 2952
13564 2734
14565 2734
14565 2276
15066 2276
15066 2057
15489 2057
15489 1654
15928 1654
15928 1074
16000 1074
16000 529
16248 529
16248 27
16523 27
28 27
28 8028
28 8468
219 8468
219 8850
747 8850
747 9376
1815 9376
1815 9702
2307 9702
2307 10755
2531 10755
2531 11168
3274 11168
3274 11826
3582 11826
3582 12497
4529 12497
4529 13031
5198 13031
5198 13319
5684 13319
5684 13501
6436 13501
6436 13690
6618 13690
6618 14375
7461 14375
7461 15068
8245 15068
8245 15810
8925 15810
8925 16610
9223 16610
9223 17185
9530 17185
9530 18233
10692 18233
10692 18691
11342 18691
11342 19011
11374 19011
11374 19325
11865 19325
11865 19957
11951 19957
11951 20630
12939 20630
12939 21150
13718 21150
13718 21692
14017 21692
14017 22238
14609 22238
14609 22958
14904 22958
14904 23189
15659 23189
15659 23808
15955 23808
15955 24424
16592 24424
16592 24780
19825 24780
19825 24841
23402 24841
23402 24867
23402 20858
33 20858
33 20763
116 20763
116 20580
313 20580
313 20409
866 20409
866 19872
1368 19872
1368 19366
1828 19366
1828 19351
2349 19351
2349 18790
2495 18790
2495 18571
2604 18571
2604 18407
2868 18407
2868 18141
3489 18141
3489 17509
4134 17509
4134 16550
4874 16550
4874 16081
5660 16081
5660 15408
6784 15408
6784 14749
6965 14749
6965 14031
7282 14031
7282 13022
8144 13022
8144 12862
8746 12862
8746 12197
9139 12197
9139 11540
9947 11540
9947 10574
10595 10574
10595 9850
11297 9850
11297 9280
11775 9280
11775 8540
12336 8540
12336 8213
13164 8213
13164 7553
13828 7553
13828 6550
14421 6550
14421 5345
14633 5345
14633 4528
14870 4528
14870 4316
15193 4316
15193 3839
15614 3839
15614 3790
15687 3790
15687 3028
15842 3028
15842 2448
16124 2448
16124 2019
16606 2019
16606 1786
16858 1786
16858 1433
17266 1433
17266 1190
18101 1190
18101 806
18507 806
18507 104
19737 104
19737 54
24327 54
36 54
36 10885
36 11099
252 11099
252 11437
894 11437
894 11793
1701 11793
1701 12096
1902 12096
1902 13372
2314 13372
2314 13830
2471 13830
2471 13968
2630 13968
2630 14393
3142 14393
3142 14574
3792 14574
3792 15097
4318 15097
4318 15615
4841 15615
4841 15855
5757 15855
5757 16663
5785 16663
5785 16802
5903 16802
5903 17676
6779 17676
6779 18094
7315 18094
7315 18174
7835 18174
7835 18464
8136 18464
8136 18654
8737 18654
8737 19057
9550 19057
9550 19554
10363 19554
10363 20367
11593 20367
11593 20661
12049 20661
12049 22122
13033 22122
13033 22920
13466 22920
13466 23607
13986 23607
13986 24182
14818 24182
14818 24588
17049 24588
17049 24657
18153 24657
18153 24761
19960 24761
19960 24832
19960 22399
39 22399
39 22178
654 22178
654 22039
1048 22039
1048 21633
1273 21633
1273 21198
1608 21198
1608 20340
1819 20340
1819 19817
1983 19817
1983 19662
2333 19662
2333 19263
3435 19263
3435 18762
4308 18762
4308 17963
4531 17963
4531 17487
5208 17487
5208 17292
5421 17292
5421 16753
5612 16753
5612 16566
5755 16566
5755 15529
6336 15529
6336 14989
7365 14989
7365 13145
8432 13145
8432 12926
9119 12926
9119 12112
9447 12112
9447 10924
10356 10924
10356 10721
10536 10721
10536 9237
10902 9237
10902 8083
11299 8083
11299 7530
11854 7530
11854 7033
12587 7033
12587 6686
13483 6686
13483 6314
14033 6314
14033 5890
14220 5890
14220 5302
14780 5302
14780 4115
15515 4115
15515 3597
16183 3597
16183 3151
16677 3151
16677 3015
17014 3015
17014 2597
17655 2597
17655 2234
17987 2234
17987 1768
18064 1768
18064 1500
18245 1500
18245 493
19442 493
19442 71
19801 71
19801 15403
41 15403
41 15398
811 15398
811 14890
1307 14890
1307 14359
1427 14359
1427 14044
1791 14044
1791 13755
2217 13755
2217 13256
2919 13256
2919 11425
4012 11425
4012 11136
4914 11136
4914 10816
5669 10816
5669 10313
5756 10313
5756 9975
6511 9975
6511 9099
7185 9099
7185 8973
7768 8973
7768 8574
8309 8574
8309 7177
8470 7177
8470 6991
8793 6991
8793 6711
9362 6711
9362 6525
9680 6525
9680 5559
9950 5559
9950 4886
10477 4886
10477 4492
10993 4492
10993 3897
11197 3897
11197 3368
11649 3368
11649 2711
11954 2711
11954 2400
12375 2400
12375 1805
12961 1805
12961 1524
13178 1524
13178 1491
13404 1491
13404 949
13630 949
13630 36
14477 36
14477 23
15229 23
44 23
44 11598
44 11742
299 11742
299 12071
783 12071
783 12814
900 12814
900 13405
1659 13405
1659 13533
2138 13533
2138 14308
2279 14308
2279 14723
2982 14723
2982 14817
3424 14817
3424 15279
4089 15279
4089 16091
4418 16091
4418 17083
5157 17083
5157 17359
6264 17359
6264 18070
6671 18070
6671 18895
6694 18895
6694 19353
7456 19353
7456 19730
7886 19730
7886 20128
8242 20128
8242 20586
8594 20586
8594 21051
9175 21051
9175 21879
9397 21879
9397 22684
10323 22684
10323 22945
10415 22945
10415 23315
10861 23315
10861 23948
11142 23948
11142 24278
11705 24278
11705 24670
12262 24670
12262 24826
12326 24826
12326 19227
53 19227
53 18768
542 18768
542 17777
814 17777
814 17326
991 17326
991 16808
1153 16808
1153 16422
1792 16422
1792 15688
2542 15688
2542 15298
2948 15298
2948 14578
3154 14578
3154 13879
4047 13879
4047 13534
4174 13534
4174 12170
5161 12170
5161 12044
5654 12044
5654 11588
6001 11588
6001 11322
6549 11322
6549 10863
7148 10863
7148 10685
7889 10685
7889 10532
8398 10532
8398 10067
9024 10067
9024 9308
9177 9308
9177 8516
9311 8516
9311 8351
10080 8351
10080 8038
10794 8038
10794 7128
11320 7128
11320 6571
11464 6571
11464 6205
12124 6205
12124 5804
12251 5804
12251 5436
12799 5436
12799 5248
13241 5248
13241 5115
13492 5115
13492 4455
13838 4455
13838 3825
14467 3825
14467 3494
15231 3494
15231 2623
15844 2623
15844 2034
16105 2034
16105 1313
16831 1313
16831 1038
17037 1038
17037 465
17921 465
17921 31
17921 12758
55 12758
55 11919
497 11919
497 11490
2123 11490
2123 10830
2911 10830
2911 10435
3817 10435
3817 9972
3914 9972
3914 9670
4390 9670
4390 9169
4790 9169
4790 8767
5039 8767
5039 8188
5970 8188
5970 7543
6243 7543
6243 6778
6435 6778
6435 6519
6504 6519
6504 6309
7075 6309
7075 5706
7447 5706
7447 4950
7876 4950
7876 4516
8248 4516
8248 3932
8759 3932
8759 3007
9621 3007
9621 2418
10158 2418
10158 1857
10329 1857
10329 1073
10603 1073
10603 193
11286 193
11286 22
11286 14425
59 14425
59 14211
312 14211
312 14050
710 14050
710 12875
944 12875
944 11725
1865 11725
1865 10696
3014 10696
3014 10175
3165 10175
3165 9386
3728 9386
3728 8438
4176 8438
4176 8242
4237 8242
4237 7429
4703 7429
4703 6947
5062 6947
5062 6726
5874 6726
5874 6013
6062 6013
6062 5492
6386 5492
6386 5202
6849 5202
6849 4421
7223 4421
7223 3826
8105 3826
8105 3334
8146 3334
8146 2977
8322 2977
8322 2304
8970 2304
8970 2202
9304 2202
9304 1344
9665 1344
9665 1121
10315 1121
10315 815
11349 815
11349 350
12110 350
12110 243
13096 243
13096 88
13258 88
69 88
69 5123
69 5375
743 5375
743 6052
1469 6052
1469 6710
2439 6710
2439 7211
3225 7211
3225 7401
3542 7401
3542 7930
4247 7930
4247 8971
5401 8971
5401 9458
5607 9458
5607 10236
7105 10236
7105 10944
7620 10944
7620 11173
8113 11173
8113 11926
8231 11926
8231 12653
9625 12653
9625 12971
10295 12971
10295 13510
10580 13510
10580 14362
10860 14362
10860 14714
11221 14714
11221 15474
11739 15474
11739 15657
12726 15657
12726 16293
13200 16293
13200 16675
13407 16675
13407 17125
14139 17125
14139 17684
14424 17684
14424 18126
14845 18126
14845 18276
15876 18276
15876 18633
16228 18633
16228 19384
16295 19384
16295 20024
16594 20024
16594 20613
17278 20613
17278 21213
18275 21213
18275 21465
18497 21465
18497 21726
19109 21726
19109 22302
19698 22302
19698 22326
20065 22326
20065 22676
20759 22676
20759 23263
21547 23263
21547 23743
22522 23743
22522 24590
23055 24590
23055 24790
24971 24790
24971 24805
24971 19539
72 19539
72 19462
315 19462
315 19333
841 19333
841 19074
1355 19074
1355 18447
1751 18447
1751 17894
2231 17894
2231 17572
2603 17572
2603 17122
2980 17122
2980 16657
4027 16657
4027 16303
4722 16303
4722 15633
5141 15633
5141 14071
6261 14071
6261 13908
6506 13908
6506 13154
7579 13154
7579 11568
7859 11568
7859 10709
8295 10709
8295 10614
8832 10614
8832 9971
9007 9971
9007 8989
10042 8989
10042 8434
10527 8434
10527 8183
11086 8183
11086 7565
11840 7565
11840 6648
12670 6648
12670 5885
12713 5885
12713 5112
13020 5112
13020 3971
13408 3971
13408 3408
14037 3408
14037 3304
14453 3304
14453 2777
15052 2777
15052 2214
16011 2214
16011 2065
17376 2065
17376 1765
17851 1765
17851 492
18194 492
18194 254
20365 254
20365 109
24343 109
24343 97
73 97
73 4291
73 4340
163 4340
163 4569
207 4569
207 4792
847 4792
847 5316
983 5316
983 5581
2004 5581
2004 5672
2472 5672
2472 5976
2895 5976
2895 6236
3400 6236
3400 6534
3892 6534
3892 7192
4216 7192
4216 7354
4811 7354
4811 7651
5113 7651
5113 8596
6607 8596
6607 9349
7103 9349
7103 9649
7603 9649
7603 10596
8831 10596
8831 11011
9108 11011
9108 11669
9841 11669
9841 12123
10104 12123
10104 12753
10390 12753
10390 12855
11335 12855
11335 13744
11439 13744
11439 14116
11802 14116
11802 14407
11886 14407
11886 15006
12312 15006
12312 15086
12563 15086
12563 15725
13479 15725
13479 16425
14167 16425
14167 17065
14769 17065
14769 17721
15248 17721
15248 17852
16363 17852
16363 18313
16942 18313
16942 18781
17421 18781
17421 19309
17685 19309
17685 19415
17909 19415
17909 19625
18597 19625
18597 20069
19337 20069
19337 20524
20266 20524
20266 21020
20493 21020
20493 21933
20970 21933
20970 22246
21164 22246
21164 22753
22058 22753
22058 23368
22474 23368
22474 23549
23323 23549
23323 23995
23783 23995
23783 24122
24516 24122
24516 24750
24700 24750
77 24750
77 10745
77 10818
622 10818
622 12519
1502 12519
1502 12698
1682 12698
1682 14345
1944 14345
1944 15075
2996 15075
2996 15521
3289 15521
3289 15992
3970 15992
3970 17691
4777 17691
4777 19153
5316 19153
5316 19744
5662 19744
5662 20275
6207 20275
6207 20408
6536 20408
6536 20744
6881 20744
6881 21304
7611 21304
7611 22036
8097 22036
8097 23012
8701 23012
8701 23106
9106 23106
9106 23558
9761 23558
9761 24049
10151 24049
10151 24654
12252 24654
12252 24809
14250 24809
14250 24818
79 24818
79 6964
79 7309
626 7309
626 7532
1235 7532
1235 7681
2252 7681
2252 8018
2564 8018
2564 8162
2850 8162
2850 8436
3167 8436
3167 8927
3394 8927
3394 9457
3890 9457
3890 9693
4611 9693
4611 10913
5288 10913
5288 11321
5833 11321
5833 11487
6366 11487
6366 11891
6821 11891
6821 12559
7167 12559
7167 13340
8768 13340
8768 14136
9087 14136
9087 14810
9476 14810
9476 14972
10057 14972
10057 15397
10646 15397
10646 15926
10932 15926
10932 16117
11280 16117
11280 16454
11635 16454
11635 16916
11872 16916
11872 17161
11912 17161
11912 17363
12300 17363
12300 17633
12829 17633
12829 17808
13211 17808
13211 17893
14254 17893
14254 18567
14857 18567
14857 19722
15256 19722
15256 19947
15931 19947
15931 20332
16250 20332
16250 20893
17076 20893
17076 21661
17661 21661
17661 22557
18018 22557
18018 22886
18499 22886
18499 23642
18628 23642
18628 24228
18963 24228
18963 24478
19884 24478
19884 24565
20291 24565
20291 24706
20863 24706
20863 24800
21425 24800
21425 13087
80 13087
80 12830
1381 12830
1381 12798
1707 12798
1707 12277
1949 12277
1949 10891
3189 10891
3189 10724
4025 10724
4025 10176
4399 10176
4399 9575
5154 9575
5154 8288
6474 8288
6474 7724
6765 7724
6765 6470
7044 6470
7044 6335
7200 6335
7200 6035
8651 6035
8651 5659
9459 5659
9459 5225
9700 5225
9700 4426
10288 4426
10288 3827
10949 3827
10949 3532
12005 3532
12005 3338
12574 3338
12574 2785
13502 2785
13502 2147
13839 2147
13839 1417
14078 1417
14078 828
14587 828
14587 580
15562 580
15562 266
16074 266
16074 118
20404 118
84 118
84 8970
84 8993
775 8993
775 9863
1222 9863
1222 9961
2020 9961
2020 10803
3785 10803
3785 11564
4144 11564
4144 11636
4508 11636
4508 12223
4879 12223
4879 12487
5702 12487
5702 13157
6004 13157
6004 14435
7238 14435
7238 15802
8157 15802
8157 16363
9015 16363
9015 17166
9963 17166
9963 17369
10648 17369
10648 17910
11176 17910
11176 18215
11686 18215
11686 18479
12077 18479
12077 18740
12417 18740
12417 19208
12727 19208
12727 19685
12872 19685
12872 19819
13401 19819
13401 20657
13456 20657
13456 20874
13658 20874
13658 21461
14363 21461
14363 21495
15305 21495
15305 21524
15696 21524
15696 22239
15853 22239
15853 22478
16417 22478
16417 22612
16821 22612
16821 22955
17200 22955
17200 23145
17601 23145
17601 23816
18073 23816
18073 23964
18554 23964
18554 24441
18688 24441
18688 24713
21941 24713
21941 24774
22462 24774
86 24774
86 3470
86 3710
344 3710
344 4481
936 4481
936 4742
1499 4742
1499 5325
2639 5325
2639 5879
2849 5879
2849 6107
3685 6107
3685 6384
4577 6384
4577 7075
5281 7075
5281 7377
5516 7377
5516 7511
5955 7511
5955 7786
7143 7786
7143 7984
8083 7984
8083 8193
9977 8193
9977 8753
10365 8753
10365 9279
11383 9279
11383 10102
11678 10102
11678 10240
11918 10240
11918 10806
12200 10806
12200 11663
12344 11663
12344 11821
12567 11821
12567 12042
12886 12042
12886 12205
13653 12205
13653 12885
14060 12885
14060 13494
14475 13494
14475 13978
15097 13978
15097 14582
15406 14582
15406 15332
15638 15332
15638 15936
16057 15936
16057 16732
16591 16732
16591 17494
16776 17494
16776 17829
16921 17829
16921 18576
17982 18576
17982 18812
18031 18812
18031 19264
19078 19264
19078 19400
19531 19400
19531 20371
20036 20371
20036 20448
20127 20448
20127 20950
20997 20950
20997 21333
21591 21333
21591 21611
22085 21611
22085 21880
22328 21880
22328 22543
22685 22543
22685 22973
23211 22973
23211 23206
23377 23206
23377 23961
24293 23961
24293 24768
99 24768
99 6932
99 7216
661 7216
661 8196
1081 8196
1081 8673
2668 8673
2668 9070
3360 9070
3360 9866
5300 9866
5300 10873
5883 10873
5883 11895
6162 11895
6162 12323
6695 12323
6695 12637
7036 12637
7036 14355
8093 14355
8093 15170
8889 15170
8889 15532
9653 15532
9653 15731
10106 15731
10106 16096
10517 16096
10517 16542
11011 16542
11011 17055
11597 17055
11597 17983
12280 17983
12280 18249
13051 18249
13051 18591
13346 18591
13346 19490
13675 19490
13675 19666
14235 19666
14235 20078
14668 20078
14668 20192
14974 20192
14974 20457
15869 20457
15869 21010
16388 21010
16388 21700
16843 21700
16843 22430
17157 22430
17157 22614
18351 22614
18351 22847
18926 22847
18926 23608
19113 23608
19113 23935
19701 23935
19701 24133
19929 24133
19929 24365
20182 24365
20182 24467
21901 24467
21901 24651
22214 24651
100 24651
100 6690
100 6713
234 6713
234 6822
1556 6822
1556 7544
2627 7544
2627 8397
3069 8397
3069 9221
3451 9221
3451 11492
5262 11492
5262 12307
5633 12307
5633 12911
6296 12911
6296 14555
8982 14555
8982 14897
9432 14897
9432 15621
10194 15621
10194 16146
11385 16146
11385 16260
12384 16260
12384 16510
12913 16510
12913 16995
13301 16995
13301 17231
14014 17231
14014 18494
14304 18494
14304 19431
14677 19431
14677 19823
15106 19823
15106 20919
15894 20919
15894 21629
16947 21629
16947 21763
18567 21763
18567 22381
19674 22381
19674 23022
20237 23022
20237 23077
21089 23077
21089 23819
21780 23819
21780 24402
23214 24402
23214 24499
23214 20252
105 20252
105 19901
967 19901
967 19260
1476 19260
1476 18993
2403 18993
2403 18090
3038 18090
3038 17578
3430 17578
3430 17279
5100 17279
5100 16915
5343 16915
5343 15678
7179 15678
7179 14010
9446 14010
9446 13783
9902 13783
9902 13619
10131 13619
10131 12674
10970 12674
10970 12383
11495 12383
11495 12217
12052 12217
12052 11523
12624 11523
12624 11348
12903 11348
12903 10894
13312 10894
13312 10663
13510 10663
13510 10465
13764 10465
13764 10184
13913 10184
13913 9973
14215 9973
14215 9738
14515 9738
14515 9550
15410 9550
15410 8940
15630 8940
15630 8625
16059 8625
16059 8407
16543 8407
16543 8294
16895 8294
16895 7326
17120 7326
17120 6891
17538 6891
17538 6746
17846 6746
17846 6568
18141 6568
18141 5866
18297 5866
18297 5460
18836 5460
18836 5065
19004 5065
19004 4366
19116 4366
19116 3976
19474 3976
19474 3203
19859 3203
19859 2737
20035 2737
20035 2680
21226 2680
21226 2265
21614 2265
21614 1571
21973 1571
21973 1285
22334 1285
22334 1136
22567 1136
22567 860
23469 860
23469 269
24109 269
24109 236
24418 236
24418 22786
110 22786
110 21769
471 21769
471 21373
918 21373
918 20622
1392 20622
1392 19465
2105 19465
2105 17957
2908 17957
2908 17082
3353 17082
3353 15120
3943 15120
3943 14456
3991 14456
3991 13146
5074 13146
5074 12341
5996 12341
5996 11446
7102 11446
7102 10791
8758 10791
8758 9671
10134 9671
10134 8793
10581 8793
10581 7294
10758 7294
10758 6664
11178 6664
11178 6304
11440 6304
11440 6054
12093 6054
12093 5168
12296 5168
12296 4820
13148 4820
13148 3072
14079 3072
14079 2273
14508 2273
14508 1420
14945 1420
14945 634
15889 634
15889 198
22263 198
22263 132
22263 14601
114 14601
114 14282
627 14282
627 13121
1582 13121
1582 10607
1901 10607
1901 9651
2742 9651
2742 9272
3556 9272
3556 7928
4069 7928
4069 7093
4986 7093
4986 5591
5501 5591
5501 4326
5781 4326
5781 3593
6613 3593
6613 2644
6922 2644
6922 2160
7106 2160
7106 1723
7424 1723
7424 1523
8180 1523
8180 1332
8442 1332
8442 572
8552 572
8552 123
8685 123
8685 14
9471 14
118 14
118 1722
118 1830
314 1830
314 2993
632 2993
632 3703
882 3703
882 3965
1632 3965
1632 4515
2233 4515
2233 4957
3003 4957
3003 5086
3467 5086
3467 5582
3678 5582
3678 6074
4845 6074
4845 6398
5258 6398
5258 7560
7076 7560
7076 8150
7326 8150
7326 9361
7545 9361
7545 9588
9732 9588
9732 9899
10089 9899
10089 10156
10497 10156
10497 11084
11377 11084
11377 11357
11833 11357
11833 12167
12211 12167
12211 12707
12433 12707
12433 13352
12650 13352
12650 13823
13032 13823
13032 14168
13433 14168
13433 14815
13997 14815
13997 14959
14925 14959
14925 16072
15736 16072
15736 16508
16572 16508
16572 17067
17519 17067
17519 18002
18269 18002
18269 18631
18624 18631
18624 18896
19300 18896
19300 19268
19933 19268
19933 19577
20244 19577
20244 20145
20737 20145
20737 20460
21026 20460
21026 20696
21307 20696
21307 21463
21987 21463
21987 22066
22761 22066
22761 22323
23398 22323
23398 22618
23668 22618
23668 23176
24319 23176
24319 23369
24404 23369
24404 23908
24915 23908
24915 24293
125 24293
125 2093
125 2886
322 2886
322 3717
664 3717
664 5374
785 5374
785 6277
1964 6277
1964 6563
3013 6563
3013 7991
3429 7991
3429 9013
5186 9013
5186 10216
7093 10216
7093 11360
8407 11360
8407 12010
8827 12010
8827 12902
9385 12902
9385 13548
9774 13548
9774 14179
10309 14179
10309 14584
10442 14584
10442 15467
11533 15467
11533 16957
12229 16957
12229 18030
12736 18030
12736 19002
13123 19002
13123 20338
13977 20338
13977 20660
14173 20660
14173 21842
14618 21842
14618 22296
14958 22296
14958 23166
15364 23166
15364 24224
16553 24224
16553 24237
16972 24237
16972 24682
17070 24682
134 24682
134 277
134 352
264 352
264 1139
1086 1139
1086 1382
1418 1382
1418 1867
2204 1867
2204 1988
2757 1988
2757 2346
3371 2346
3371 3093
3782 3093
3782 3520
4525 3520
4525 3985
5004 3985
5004 4087
5442 4087
5442 4401
6020 4401
6020 4949
6537 4949
6537 5501
6758 5501
6758 6359
7487 6359
7487 6418
7828 6418
7828 6857
8101 6857
8101 7311
9017 7311
9017 8044
10557 8044
10557 8765
12080 8765
12080 9250
12917 9250
12917 9578
13446 9578
13446 10158
14143 10158
14143 10275
14185 10275
14185 10689
14559 10689
14559 11040
14880 11040
14880 11466
15669 11466
15669 11983
16017 11983
16017 12505
16416 12505
16416 12727
17206 12727
17206 12918
17310 12918
17310 13799
17484 13799
17484 13987
17858 13987
17858 14364
18234 14364
18234 14785
18356 14785
18356 15740
19055 15740
19055 16214
20082 16214
20082 16708
20306 16708
20306 16970
20691 16970
20691 17478
20848 17478
20848 17630
21152 17630
21152 17772
22051 17772
22051 18248
22536 18248
22536 18836
23274 18836
23274 19487
23710 19487
23710 19922
24214 19922
24214 20160
24773 20160
24773 20313
24994 20313
24994 21514
24994 20890
135 20890
135 20242
2431 20242
2431 19847
2870 19847
2870 18607
3294 18607
3294 18514
3565 18514
3565 18038
3905 18038
3905 17616
5219 17616
5219 16702
7026 16702
7026 16190
9178 16190
9178 13188
9897 13188
9897 12279
10535 12279
10535 11903
11714 11903
11714 11013
12349 11013
12349 10168
12643 10168
12643 9829
12847 9829
12847 9506
12951 9506
12951 9167
13391 9167
13391 8400
13644 8400
13644 7932
13955 7932
13955 7076
14887 7076
14887 6575
15260 6575
15260 6441
15555 6441
15555 6106
15768 6106
15768 5540
15970 5540
15970 5027
16407 5027
16407 4587
16648 4587
16648 4139
17211 4139
17211 3894
17323 3894
17323 3445
18048 3445
18048 2978
18621 2978
18621 2492
19344 2492
19344 2181
19646 2181
19646 1507
20158 1507
20158 1241
20577 1241
20577 1030
21028 1030
21028 245
154 245
154 1255
154 1440
210 1440
210 1670
923 1670
923 2087
1557 2087
1557 2634
2384 2634
2384 2931
2826 2931
2826 3554
3777 3554
3777 4052
4440 4052
4440 4630
4760 4630
4760 4866
4904 4866
4904 4917
5747 4917
5747 5704
6208 5704
6208 6090
6493 6090
6493 6714
7476 6714
7476 7590
8696 7590
8696 8947
9760 8947
9760 10219
10940 10219
10940 10934
12549 10934
12549 12203
13104 12203
13104 13565
13822 13565
13822 13996
14097 13996
14097 14192
14378 14192
14378 14837
14866 14837
14866 15803
15123 15803
15123 16730
15901 16730
15901 17304
16129 17304
16129 17742
16533 17742
16533 17881
18363 17881
18363 18418
18781 18418
18781 18659
20264 18659
20264 19757
21608 19757
21608 20109
22024 20109
22024 20284
22300 20284
22300 20863
22427 20863
22427 21421
23017 21421
23017 21616
23457 21616
23457 22268
24141 22268
24141 22910
24587 22910
24587 23175
24962 23175
24962 16819
177 16819
177 16569
868 16569
868 16254
1024 16254
1024 16164
1437 16164
1437 15115
1873 15115
1873 13915
2843 13915
2843 11443
4885 11443
4885 10215
7098 10215
7098 9397
7313 9397
7313 9187
8821 9187
8821 8021
9690 8021
9690 7336
9845 7336
9845 7219
10075 7219
10075 6271
11043 6271
11043 5645
11570 5645
11570 5281
12068 5281
12068 3557
12943 3557
12943 2075
13426 2075
13426 1834
13634 1834
13634 1283
13759 1283
13759 1103
13832 1103
13832 729
14039 729
14039 325
16515 325
16515 281
180 281
180 11520
180 13111
1429 13111
1429 14573
1861 14573
1861 15246
2151 15246
2151 16121
2644 16121
2644 16389
2945 16389
2945 17417
3823 17417
3823 18845
4648 18845
4648 19942
5112 19942
5112 20434
5321 20434
5321 20912
5830 20912
5830 21589
5968 21589
5968 21711
6191 21711
6191 22386
6479 22386
6479 23094
7003 23094
7003 23247
7450 23247
7450 23959
7705 23959
7705 24460
8190 24460
8190 24845
8834 24845
8834 24989
9098 24989
182 24989
182 9264
182 10343
553 10343
553 14719
1893 14719
1893 15808
2969 15808
2969 16071
3550 16071
3550 18311
5365 18311
5365 19218
6423 19218
6423 19453
6855 19453
6855 20259
7261 20259
7261 20775
7716 20775
7716 21034
8446 21034
8446 22226
8731 22226
8731 23085
10174 23085
10174 23566
10816 23566
10816 24377
11278 24377
11278 24609
13162 24609
13162 24683
13865 24683
13865 24796
197 24796
197 10370
197 10457
433 10457
433 14893
1378 14893
1378 16216
2417 16216
2417 16789
2671 16789
2671 17319
4960 17319
4960 18690
6987 18690
6987 19099
7754 19099
7754 19390
7975 19390
7975 20090
8706 20090
8706 21518
9763 21518
9763 21965
9927 21965
9927 22617
10723 22617
10723 22829
11044 22829
11044 23307
11691 23307
11691 23943
12038 23943
12038 24185
12742 24185
12742 24589
17602 24589
17602 24650
17602 13283
231 13283
231 10085
3482 10085
3482 7634
5059 7634
5059 6910
6223 6910
6223 5908
6628 5908
6628 5495
7183 5495
7183 5038
8213 5038
8213 4555
8490 4555
8490 4090
9141 4090
9141 3728
9318 3728
9318 3326
9787 3326
9787 2278
11027 2278
11027 1814
11098 1814
11098 1724
11323 1724
11323 782
12693 782
12693 618
13488 618
13488 419
16816 419
16816 299
20532 299
20532 298
20532 24987
239 24987
239 24917
1255 24917
1255 24770
1863 24770
1863 24337
2325 24337
2325 23880
2692 23880
2692 23556
3062 23556
3062 23333
3221 23333
3221 23046
3721 23046
3721 22324
4118 22324
4118 21666
4533 21666
4533 21232
5184 21232
5184 20794
5877 20794
5877 20165
6522 20165
6522 19194
7384 19194
7384 19021
7584 19021
7584 18353
8825 18353
8825 17871
9789 17871
9789 16801
10926 16801
10926 14896
11801 14896
11801 14832
12490 14832
12490 14682
13614 14682
13614 13973
14460 13973
14460 13370
14790 13370
14790 13098
15250 13098
15250 12765
15728 12765
15728 11974
16348 11974
16348 11572
16850 11572
16850 11470
17149 11470
17149 11261
17474 11261
17474 10672
18016 10672
18016 9952
18258 9952
18258 9416
18572 9416
18572 8696
19239 8696
19239 8572
19700 8572
19700 8453
20360 8453
20360 8048
20703 8048
20703 7212
21352 7212
21352 6899
21725 6899
21725 6856
21954 6856
21954 6520
22126 6520
22126 5588
22719 5588
22719 5515
23430 5515
23430 5341
23442 5341
23442 5226
23880 5226
23880 5072
24525 5072
24525 4733
24895 4733
24895 4551
24895 13845
258 13845
258 8604
759 8604
759 7981
1188 7981
1188 7571
1704 7571
1704 6245
2688 6245
2688 4983
3260 4983
3260 4253
3727 4253
3727 3860
5131 3860
5131 3707
5512 3707
5512 3342
6027 3342
6027 2416
6602 2416
6602 1979
7110 1979
7110 960
8000 960
8000 554
8261 554
8261 152
8850 152
8850 105
9194 105
9194 48
12044 48
12044 28
12044 18210
302 18210
302 17961
982 17961
982 17882
1627 17882
1627 17429
2176 17429
2176 17135
2415 17135
2415 16383
3000 16383
3000 15237
4376 15237
4376 13848
6293 13848
6293 12575
7846 12575
7846 9396
9583 9396
9583 7471
11658 7471
11658 5800
12680 5800
12680 5337
13566 5337
13566 5152
14316 5152
14316 4694
14611 4694
14611 3986
14729 3986
14729 3531
15219 3531
15219 2474
15927 2474
15927 908
16522 908
16522 611
16813 611
16813 407
24534 407
24534 368
318 368
318 5958
318 6011
701 6011
701 6235
748 6235
748 6341
1002 6341
1002 8178
1970 8178
1970 8587
6677 8587
6677 9837
7388 9837
7388 11198
8851 11198
8851 11382
9726 11382
9726 12453
10146 12453
10146 13686
10386 13686
10386 13994
11348 13994
11348 14676
11878 14676
11878 15259
12358 15259
12358 16178
13679 16178
13679 16684
14697 16684
14697 17045
15273 17045
15273 17696
16193 17696
16193 18656
16811 18656
16811 19569
17433 19569
17433 19601
17500 19601
17500 20611
18533 20611
18533 21002
19018 21002
19018 21307
19401 21307
19401 22274
20146 22274
20146 22906
20830 22906
20830 24129
21526 24129
21526 24454
21759 24454
21759 21012
363 21012
363 20914
1302 20914
1302 20461
2516 20461
2516 19787
4455 19787
4455 18051
6605 18051
6605 17298
7549 17298
7549 16531
8649 16531
8649 16271
11316 16271
11316 16013
12233 16013
12233 15515
13199 15515
13199 15136
13940 15136
13940 14525
14282 14525
14282 13821
15114 13821
15114 13790
15701 13790
15701 13474
15830 13474
15830 12649
16814 12649
16814 12388
17576 12388
17576 12015
18598 12015
18598 11511
18831 11511
18831 11058
19378 11058
19378 10701
19736 10701
19736 9981
19827 9981
19827 9351
20175 9351
20175 9214
20441 9214
20441 8867
20900 8867
20900 8395
21310 8395
21310 7783
21458 7783
21458 7613
22004 7613
22004 7008
22198 7008
22198 6423
23321 6423
23321 5768
23981 5768
23981 5469
24099 5469
24099 4560
24630 4560
24630 4273
24871 4273
24871 2621
374 2621
374 5476
374 5983
702 5983
702 8550
3821 8550
3821 14173
5091 14173
5091 14994
6908 14994
6908 16761
7471 16761
7471 17496
7808 17496
7808 18200
8418 18200
8418 18951
8648 18951
8648 19246
8960 19246
8960 19658
9402 19658
9402 19741
9727 19741
9727 19904
10703 19904
10703 20257
11743 20257
11743 20835
12036 20835
12036 22271
12113 22271
12113 23832
13608 23832
13608 24573
13868 24573
13868 15601
391 15601
391 15502
1343 15502
1343 15014
4297 15014
4297 12579
8794 12579
8794 10439
10200 10439
10200 9631
11687 9631
11687 8126
12237 8126
12237 7404
13233 7404
13233 6687
13944 6687
13944 5813
14115 5813
14115 5210
14544 5210
14544 4181
14631 4181
14631 3137
14926 3137
14926 1544
16491 1544
16491 517
21836 517
21836 408
23575 408
23575 14974
393 14974
393 8514
4863 8514
4863 6936
6462 6936
6462 4913
7001 4913
7001 3928
8263 3928
8263 3762
8581 3762
8581 2580
9208 2580
9208 1854
9316 1854
9316 1070
9462 1070
9462 453
9711 453
9711 185
10425 185
10425 129
403 129
403 6330
403 6436
6344 6436
6344 7271
6538 7271
6538 9370
10362 9370
10362 10041
11569 10041
11569 10910
13041 10910
13041 11076
13525 11076
13525 11163
14114 11163
14114 12088
14992 12088
14992 12209
15107 12209
15107 12733
15468 12733
15468 12899
15921 12899
15921 13504
16264 13504
16264 14081
17689 14081
17689 14741
18015 14741
18015 14926
18100 14926
18100 15148
18231 15148
18231 15300
19940 15300
19940 15814
20411 15814
20411 16111
21046 16111
21046 16412
21389 16412
21389 16900
21884 16900
21884 17410
22540 17410
22540 17950
22832 17950
22832 18421
22912 18421
22912 18587
23556 18587
23556 18853
23903 18853
23903 19328
24437 19328
24437 20682
24809 20682
24809 22776
24821 22776
419 22776
419 6296
419 6389
7582 6389
7582 6848
8717 6848
8717 9703
11923 9703
11923 9926
12936 9926
12936 10636
13294 10636
13294 10829
13826 10829
13826 11460
14211 11460
14211 13053
14986 13053
14986 13880
15338 13880
15338 14001
16823 14001
16823 14942
16929 14942
16929 15113
17448 15113
17448 15556
17691 15556
17691 16031
18042 16031
18042 17088
18546 17088
18546 17340
19193 17340
19193 17985
19250 17985
19250 18241
19481 18241
19481 18463
19810 18463
19810 18985
20926 18985
20926 19520
22317 19520
22317 19620
22561 19620
22561 19713
23060 19713
23060 19951
23497 19951
23497 20739
24008 20739
24008 21104
24535 21104
24535 21809
24781 21809
24781 22504
424 22504
424 148
424 334
969 334
969 608
1611 608
1611 922
2162 922
2162 1155
3196 1155
3196 1560
3528 1560
3528 1838
4002 1838
4002 2001
4499 2001
4499 2305
4789 2305
4789 2795
5308 2795
5308 2979
5436 2979
5436 3867
5906 3867
5906 4369
6466 4369
6466 5354
8125 5354
8125 6496
8751 6496
8751 8402
12429 8402
12429 8913
13305 8913
13305 9497
13961 9497
13961 10516
14472 10516
14472 11393
15559 11393
15559 11631
16459 11631
16459 12761
17395 12761
17395 13003
17974 13003
17974 13535
18344 13535
18344 14244
18789 14244
18789 14984
19410 14984
19410 15513
20424 15513
20424 15809
20984 15809
20984 16471
21351 16471
21351 17421
22000 17421
22000 18132
23113 18132
23113 18319
23583 18319
23583 18912
24980 18912
24980 19119
24980 21063
463 21063
463 21013
2265 21013
2265 20779
3287 20779
3287 20490
4177 20490
4177 20091
5290 20091
5290 18676
7298 18676
7298 17622
8058 17622
8058 17464
8504 17464
8504 17437
9424 17437
9424 16496
11863 16496
11863 14866
13569 14866
13569 14080
15160 14080
15160 13285
15718 13285
15718 11506
16737 11506
16737 11034
17163 11034
17163 10731
18219 10731
18219 10268
18648 10268
18648 10004
18769 10004
18769 9826
19159 9826
19159 9630
19358 9630
19358 8589
20292 8589
20292 8087
20855 8087
20855 7804
21184 7804
21184 7737
22456 7737
22456 7069
22791 7069
22791 6466
23859 6466
23859 5631
24481 5631
24481 4582
24965 4582
492 4582
492 70
492 183
1630 183
1630 505
2485 505
2485 1005
3254 1005
3254 1474
3553 1474
3553 2534
4130 2534
4130 2789
4623 2789
4623 3360
5056 3360
5056 4616
5912 4616
5912 5231
7797 5231
7797 6792
12175 6792
12175 9801
13272 9801
13272 10634
14309 10634
14309 11965
15506 11965
15506 13305
16025 13305
16025 14325
16630 14325
16630 15253
16751 15253
16751 15695
16922 15695
16922 15986
17021 15986
17021 16223
17299 16223
17299 16324
17646 16324
17646 17066
18607 17066
18607 17149
19826 17149
19826 17462
20367 17462
20367 17886
20580 17886
20580 18104
21109 18104
21109 18769
22199 18769
22199 19430
22851 19430
22851 20819
23562 20819
23562 21293
24216 21293
24216 21944
24341 21944
24341 22363
24770 22363
24770 22725
24770 23406
570 23406
570 23224
1376 23224
1376 22409
1732 22409
1732 21870
2370 21870
2370 21506
2888 21506
2888 21371
3242 21371
3242 21356
3437 21356
3437 21099
3514 21099
3514 20672
3898 20672
3898 20417
5006 20417
5006 19648
6341 19648
6341 18346
7218 18346
7218 17637
9959 17637
9959 16505
12631 16505
12631 16474
13414 16474
13414 15782
13809 15782
13809 15163
15105 15163
15105 14589
16076 14589
16076 13424
17378 13424
17378 12521
17798 12521
17798 12227
18170 12227
18170 12134
18458 12134
18458 11805
19348 11805
19348 11284
19839 11284
19839 10850
20317 10850
20317 10415
20565 10415
20565 9777
20850 9777
20850 9564
21605 9564
21605 8885
21877 8885
21877 8741
22167 8741
22167 8293
22518 8293
22518 7493
23020 7493
23020 6762
23900 6762
23900 6216
24349 6216
24349 6133
24932 6133
24932 6119
24932 17084
576 17084
576 17076
1817 17076
1817 16832
2967 16832
2967 15587
4910 15587
4910 13284
10297 13284
10297 11318
12527 11318
12527 9799
13297 9799
13297 9094
13859 9094
13859 8543
14164 8543
14164 8081
14454 8081
14454 7280
15281 7280
15281 6934
16593 6934
16593 6570
16688 6570
16688 6382
16984 6382
16984 5873
17216 5873
17216 5493
18098 5493
18098 5030
19138 5030
19138 4548
19588 4548
19588 4092
20051 4092
20051 3683
20636 3683
20636 3497
21149 3497
21149 3207
21915 3207
21915 2573
22560 2573
22560 2291
23352 2291
23352 2010
23382 2010
23382 1568
23543 1568
23543 1316
23876 1316
23876 863
24392 863
24392 488
24392 21489
606 21489
606 21433
1510 21433
1510 20523
3731 20523
3731 19993
6327 19993
6327 18707
8739 18707
8739 18478
10248 18478
10248 17888
10789 17888
10789 16837
12752 16837
12752 13748
13430 13748
13430 12715
13771 12715
13771 10580
14120 10580
14120 10231
14947 10231
14947 8874
15945 8874
15945 8684
16494 8684
16494 7881
16902 7881
16902 7036
17317 7036
17317 6185
18920 6185
18920 5421
19403 5421
19403 5010
20477 5010
20477 3746
21080 3746
21080 3393
21317 3393
21317 2660
21710 2660
21710 2123
22454 2123
22454 1520
23354 1520
23354 868
23729 868
23729 455
23864 455
23864 21782
612 21782
612 21741
2551 21741
2551 21115
4003 21115
4003 20471
7291 20471
7291 19965
8573 19965
8573 19166
9190 19166
9190 18684
11498 18684
11498 18611
11590 18611
11590 16940
13990 16940
13990 15833
14585 15833
14585 15614
16901 15614
16901 13923
17915 13923
17915 13012
19263 13012
19263 12523
19760 12523
19760 12398
20013 12398
20013 12272
20213 12272
20213 11991
20456 11991
20456 11441
20860 11441
20860 11130
21275 11130
21275 11002
21609 11002
21609 10125
22556 10125
22556 9990
22886 9990
22886 9760
23013 9760
23013 9249
23349 9249
23349 8804
24114 8804
24114 8328
24395 8328
24395 7850
24591 7850
24591 7282
24665 7282
24665 6606
24925 6606
24925 5679
24925 23450
639 23450
639 23413
2126 23413
2126 22908
2658 22908
2658 22278
3088 22278
3088 22133
3259 22133
3259 21151
4283 21151
4283 20276
7266 20276
7266 17237
8459 17237
8459 16692
11382 16692
11382 14214
12622 14214
12622 13275
13076 13275
13076 12185
13374 12185
13374 11948
15094 11948
15094 10466
15407 10466
15407 10022
16710 10022
16710 9408
16857 9408
16857 9364
17430 9364
17430 8723
17586 8723
17586 8546
17870 8546
17870 8209
18747 8209
18747 8042
18986 8042
18986 7775
19483 7775
19483 7548
19659 7548
19659 7126
20530 7126
20530 6358
20885 6358
20885 6158
21277 6158
21277 5989
21517 5989
21517 5857
21928 5857
21928 5471
22450 5471
22450 4727
23029 4727
23029 3948
23660 3948
23660 3598
24200 3598
24200 2653
24563 2653
24563 1829
24779 1829
24779 1602
24855 1602
24855 682
24855 24330
659 24330
659 24249
1201 24249
1201 23756
2247 23756
2247 23551
2479 23551
2479 22954
2624 22954
2624 21695
2994 21695
2994 21332
4202 21332
4202 20822
6798 20822
6798 20365
8608 20365
8608 19778
9984 19778
9984 19437
10663 19437
10663 19289
11813 19289
11813 18612
13015 18612
13015 18130
13493 18130
13493 17695
14246 17695
14246 16649
14806 16649
14806 15649
17058 15649
17058 14758
18592 14758
18592 13681
19329 13681
19329 13481
19880 13481
19880 12933
20526 12933
20526 12643
21075 12643
21075 12166
21206 12166
21206 11298
21380 11298
21380 11017
22213 11017
22213 10779
23037 10779
23037 10055
23606 10055
23606 9278
23819 9278
23819 9098
24346 9098
24346 8967
24722 8967
24722 8195
24910 8195
24910 15528
668 15528
668 15175
10336 15175
10336 13638
12216 13638
12216 12914
13071 12914
13071 12003
14187 12003
14187 9417
14456 9417
14456 8374
15039 8374
15039 7727
16279 7727
16279 7200
16754 7200
16754 6983
16881 6983
16881 5649
17165 5649
17165 5102
18082 5102
18082 4730
19026 4730
19026 3973
19280 3973
19280 3157
20396 3157
20396 2710
21542 2710
21542 1837
21809 1837
21809 1254
21904 1254
21904 1023
22406 1023
22406 833
24795 833
24795 569
24795 15788
681 15788
681 15751
1028 15751
1028 5995
2081 5995
2081 5217
2462 5217
2462 4391
2696 4391
2696 4219
2853 4219
2853 4147
3590 4147
3590 2929
4278 2929
4278 2215
4614 2215
4614 1831
4697 1831
4697 1486
4964 1486
4964 1279
5377 1279
5377 769
5854 769
5854 616
6754 616
6754 3
7567 3
7567 23859
713 23859
713 23524
1204 23524
1204 22460
2527 22460
2527 21890
2596 21890
2596 21434
4183 21434
4183 21228
6395 21228
6395 20390
8675 20390
8675 19126
10507 19126
10507 18962
10809 18962
10809 17209
12777 17209
12777 15989
14683 15989
14683 15012
18205 15012
18205 13936
18732 13936
18732 13288
19397 13288
19397 12777
20473 12777
20473 12426
20744 12426
20744 11698
21344 11698
21344 11295
22971 11295
22971 10846
23213 10846
23213 10646
23669 10646
23669 10303
23994 10303
23994 9737
24227 9737
24227 8236
24884 8236
24884 7665
722 7665
722 1048
722 1498
1600 1498
1600 1637
2087 1637
2087 2544
2419 2544
2419 3366
2539 3366
2539 4209
3229 4209
3229 5063
4063 5063
4063 5241
4980 5241
4980 6426
9262 6426
9262 7906
13304 7906
13304 8569
13464 8569
13464 8868
14252 8868
14252 10040
15599 10040
15599 10584
16045 10584
16045 11577
17170 11577
17170 11879
17628 11879
17628 12204
17871 12204
17871 13425
19382 13425
19382 13703
19522 13703
19522 14464
19729 14464
19729 14711
20385 14711
20385 15016
20563 15016
20563 15361
21138 15361
21138 15562
21909 15562
21909 15872
22184 15872
22184 15939
22619 15939
22619 16756
23040 16756
23040 17526
23446 17526
23446 17993
23988 17993
23988 18166
24682 18166
24682 18903
24963 18903
24963 18865
739 18865
739 18838
1043 18838
1043 18460
1697 18460
1697 16665
11218 16665
11218 13860
12401 13860
12401 12952
14177 12952
14177 8894
15037 8894
15037 8123
16149 8123
16149 7105
17862 7105
17862 5562
18522 5562
18522 5087
19372 5087
19372 4145
20621 4145
20621 3684
21427 3684
21427 3290
22731 3290
22731 3057
23396 3057
23396 2592
23579 2592
23579 2386
23989 2386
23989 2023
24473 2023
24473 1099
24551 1099
24551 1008
24551 19338
786 19338
786 18842
974 18842
974 17420
1359 17420
1359 17341
1652 17341
1652 16490
11579 16490
11579 13077
11787 13077
11787 12471
12146 12471
12146 10782
14000 10782
14000 8055
14149 8055
14149 7659
15000 7659
15000 6069
15533 6069
15533 5957
16340 5957
16340 5585
16795 5585
16795 4645
17688 4645
17688 4379
18061 4379
18061 3744
18817 3744
18817 3377
18944 3377
18944 3099
19463 3099
19463 1901
20590 1901
20590 1593
21078 1593
21078 1179
21606 1179
21606 607
21845 607
21845 489
919 489
919 1970
919 2360
1097 2360
1097 2578
2347 2578
2347 4229
2398 4229
2398 4747
3419 4747
3419 5275
4085 5275
4085 6087
9000 6087
9000 6582
13505 6582
13505 7734
14372 7734
14372 9331
16372 9331
16372 10446
17069 10446
17069 10680
17901 10680
17901 11132
18608 11132
18608 11328
19092 11328
19092 11899
19805 11899
19805 13035
20849 13035
20849 13384
21837 13384
21837 13927
22472 13927
22472 14724
23064 14724
23064 14808
24229 14808
24229 15735
24604 15735
24604 16884
24928 16884
24928 19710
933 19710
933 2857
933 3044
1467 3044
1467 3802
1917 3802
1917 4485
2981 4485
2981 5592
4541 5592
4541 5955
9152 5955
9152 6016
9233 6016
9233 6243
14145 6243
14145 7213
14656 7213
14656 7693
15566 7693
15566 8743
16810 8743
16810 9166
17537 9166
17537 9577
17669 9577
17669 9773
17919 9773
17919 10097
18418 10097
18418 10864
19132 10864
19132 11281
19655 11281
19655 11697
20283 11697
20283 11958
21014 11958
21014 12740
21332 12740
21332 13137
21473 13137
21473 13497
22506 13497
22506 13663
23175 13663
23175 13871
23419 13871
23419 14517
23949 14517
23949 14961
24840 14961
24840 15452
24945 15452
1126 15452
1126 5290
1126 5953
9248 5953
9248 6180
13402 6180
13402 7927
16633 7927
16633 8946
17682 8946
17682 9445
18160 9445
18160 9968
19013 9968
19013 10318
19592 10318
19592 10942
20062 10942
20062 11064
20507 11064
20507 11447
21906 11447
21906 12480
22234 12480
22234 12966
22679 12966
22679 13539
23139 13539
23139 14705
23702 14705
23702 15537
24104 15537
24104 15945
24435 15945
24435 17040
24701 17040
24701 23639
24752 23639
24752 23527
1208 23527
1208 22639
3101 22639
3101 22336
3164 22336
3164 21575
5536 21575
5536 21255
6401 21255
6401 20882
7639 20882
7639 20020
10659 20020
10659 19189
13451 19189
13451 17256
16405 17256
16405 16365
16865 16365
16865 15771
18735 15771
18735 13932
21110 13932
21110 12909
21560 12909
21560 12677
21820 12677
21820 11846
22025 11846
22025 11426
23100 11426
23100 10775
24317 10775
24317 10658
24670 10658
24670 10499
24991 10499
24991 10050
1216 10050
1216 3414
1216 3590
1864 3590
1864 5714
10314 5714
10314 11767
11485 11767
11485 12672
12368 12672
12368 13840
14292 13840
14292 16523
15732 16523
15732 17837
18119 17837
18119 18841
18953 18841
18953 20067
19282 20067
19282 20961
19831 20961
19831 21600
20104 21600
20104 21772
20600 21772
20600 22649
21541 22649
21541 23359
22660 23359
22660 24144
23691 24144
23691 24322
1223 24322
1223 5246
1223 5568
13379 5568
13379 5833
16408 5833
16408 6241
17513 6241
17513 8266
17860 8266
17860 9194
18271 9194
18271 9238
18997 9238
18997 9913
19675 9913
19675 10000
20222 10000
20222 10624
20764 10624
20764 10977
22288 10977
22288 11880
23092 11880
23092 12283
23635 12283
23635 13058
23824 13058
23824 13427
24173 13427
24173 13769
24234 13769
24234 14294
24416 14294
24416 14606
24792 14606
1234 14606
1234 175
1234 935
1314 935
1314 1852
2899 1852
2899 2667
3010 2667
3010 2812
4187 2812
4187 3367
4851 3367
4851 4313
8086 4313
8086 5207
9562 5207
9562 5786
16554 5786
16554 7001
18616 7001
18616 7246
19197 7246
19197 7558
20945 7558
20945 8208
21117 8208
21117 8996
21674 8996
21674 10154
22795 10154
22795 10815
23455 10815
23455 11350
23738 11350
23738 11850
24040 11850
24040 12539
24644 12539
24644 13215
24741 13215
24741 14826
1257 14826
1257 2303
1257 2449
3075 2449
3075 3950
3880 3950
3880 4855
4171 4855
4171 5022
8667 5022
8667 5160
9143 5160
9143 5310
13685 5310
13685 5655
16740 5655
16740 6993
18440 6993
18440 7572
18863 7572
18863 7648
19160 7648
19160 8106
19295 8106
19295 9855
19943 9855
19943 13005
20957 13005
20957 13170
21161 13170
21161 14499
21912 14499
21912 14814
22128 14814
22128 15198
22715 15198
22715 15588
23168 15588
23168 15818
23794 15818
23794 16612
24211 16612
24211 16952
24649 16952
24649 17374
24649 24426
1276 24426
1276 24271
3136 24271
3136 24041
3376 24041
3376 23391
3959 23391
3959 22989
4571 22989
4571 22784
5117 22784
5117 22089
5640 22089
5640 21586
6720 21586
6720 21231
7585 21231
7585 20879
11195 20879
11195 19876
13351 19876
13351 17672
16216 17672
16216 16311
16644 16311
16644 15776
19105 15776
19105 14366
20212 14366
20212 13983
21387 13983
21387 12492
22980 12492
22980 12119
23898 12119
23898 11849
24632 11849
24632 11133
24756 11133
24756 10211
24864 10211
24864 3263
24864 24471
1300 24471
1300 24464
2829 24464
2829 23697
3251 23697
3251 23568
4855 23568
4855 22505
5385 22505
5385 21567
7327 21567
7327 20930
11387 20930
11387 19524
14099 19524
14099 19121
15450 19121
15450 18899
16156 18899
16156 18532
16506 18532
16506 17489
16987 17489
16987 16592
17552 16592
17552 16080
19528 16080
19528 14607
20786 14607
20786 14558
20917 14558
20917 13050
21341 13050
21341 12620
22460 12620
22460 10962
24374 10962
24374 10090
24790 10090
24790 3749
24823 3749
24823 24925
1369 24925
1369 24878
2401 24878
2401 23573
2977 23573
2977 23006
3661 23006
3661 21746
4659 21746
4659 21647
8127 21647
8127 21302
10001 21302
10001 21041
10062 21041
10062 19442
12805 19442
12805 17694
17569 17694
17569 17284
18825 17284
18825 16909
19508 16909
19508 16864
19706 16864
19706 16161
20453 16161
20453 15231
20898 15231
20898 15017
21382 15017
21382 14473
22086 14473
22086 13141
22848 13141
22848 12749
23082 12749
23082 12126
24686 12126
24686 11839
24832 11839
24832 17295
1393 17295
1393 16433
11423 16433
11423 10336
16302 10336
16302 9730
17724 9730
17724 7603
17912 7603
17912 7272
18287 7272
18287 6738
18662 6738
18662 6302
19719 6302
19719 6062
20066 6062
20066 5233
20597 5233
20597 4663
21221 4663
21221 4051
21722 4051
21722 3713
22140 3713
22140 3453
22812 3453
22812 2769
23356 2769
23356 2282
23774 2282
23774 1902
24080 1902
24080 1000
24517 1000
24517 975
24517 21884
1518 21884
1518 20626
3872 20626
3872 18908
8298 18908
8298 14029
12660 14029
12660 10418
17281 10418
17281 8949
18399 8949
18399 8467
19310 8467
19310 7276
19726 7276
19726 6328
20581 6328
20581 5838
21232 5838
21232 5322
22088 5322
22088 4660
22366 4660
22366 3478
23559 3478
23559 3436
24125 3436
24125 2654
1524 2654
1524 1252
1524 1681
3362 1681
3362 2293
4070 2293
4070 2446
4661 2446
4661 2622
6374 2622
6374 3251
8088 3251
8088 4568
8733 4568
8733 4972
10382 4972
10382 5336
16792 5336
16792 6694
18799 6694
18799 7538
18975 7538
18975 9781
21123 9781
21123 10367
21693 10367
21693 12807
22965 12807
22965 12957
23229 12957
23229 13709
24373 13709
24373 17750
24494 17750
24494 22883
24558 22883
1612 22883
1612 5099
1612 5255
16345 5255
16345 5993
18250 5993
18250 8114
20125 8114
20125 9454
20700 9454
20700 9794
21534 9794
21534 10153
24451 10153
24451 11314
24831 11314
24831 11691
24831 17539
1613 17539
1613 16581
11889 16581
11889 12429
16953 12429
16953 11278
17869 11278
17869 10897
18777 10897
18777 10593
21299 10593
21299 9908
22183 9908
22183 8965
22734 8965
22734 8324
23378 8324
23378 7860
23572 7860
23572 7535
23867 7535
23867 7488
24452 7488
24452 6499
24721 6499
24721 3907
24721 22159
1688 22159
1688 20584
2852 20584
2852 18558
13047 18558
13047 12979
17085 12979
17085 11752
17565 11752
17565 11450
18957 11450
18957 9247
21348 9247
21348 8494
22235 8494
22235 5808
23059 5808
23059 4751
23616 4751
23616 3974
24083 3974
24083 3638
24382 3638
1737 3638
1737 4685
1737 5094
11733 5094
11733 5235
16789 5235
16789 8668
17114 8668
17114 9978
17710 9978
17710 12034
18988 12034
18988 12449
20486 12449
20486 15414
21330 15414
21330 17541
21633 17541
21633 18991
23485 18991
23485 20103
24067 20103
24067 20746
24259 20746
24259 23350
24396 23350
1811 23350
1811 1165
1811 1460
4160 1460
4160 1754
4949 1754
4949 1929
5437 1929
5437 2018
6292 2018
6292 2328
7043 2328
7043 2788
7847 2788
7847 3796
9191 3796
9191 4162
9564 4162
9564 4746
10479 4746
10479 8614
17099 8614
17099 12350
20845 12350
20845 15247
21538 15247
21538 15824
22716 15824
22716 16790
23019 16790
23019 17336
23182 17336
23182 18317
23491 18317
23491 19496
24434 19496
24434 20628
24434 18178
1999 18178
1999 4976
4850 4976
4850 4296
6577 4296
6577 3724
7131 3724
7131 2568
7393 2568
7393 2120
7857 2120
7857 1392
9043 1392
9043 1037
9395 1037
9395 438
9502 438
9502 140
11534 140
2142 140
2142 794
2142 852
3495 852
3495 1233
3852 1233
3852 1326
5052 1326
5052 2494
5254 2494
5254 2596
7748 2596
7748 2809
8373 2809
8373 3937
9651 3937
9651 4397
15065 4397
15065 4985
17154 4985
17154 12330
18557 12330
18557 17091
19514 17091
19514 17251
20487 17251
20487 18641
21154 18641
21154 19084
22440 19084
22440 20285
22753 20285
22753 20989
23529 20989
23529 21500
23717 21500
23717 22530
23998 22530
23998 23465
24313 23465
2184 23465
2184 261
2184 471
2725 471
2725 700
3739 700
3739 791
4150 791
4150 1047
4955 1047
4955 1702
5600 1702
5600 1916
7113 1916
7113 2300
7960 2300
7960 2618
10138 2618
10138 3620
10192 3620
10192 3921
11398 3921
11398 4238
14196 4238
14196 4978
17452 4978
17452 11864
23216 11864
23216 13698
24171 13698
24171 17034
2769 17034
2769 4393
2769 4836
8463 4836
8463 4990
17409 4990
17409 8611
22524 8611
22524 9251
23404 9251
23404 9471
23983 9471
23983 9852
24675 9852
24675 9958
2886 9958
2886 156
2886 321
3366 321
3366 638
4462 638
4462 914
5243 914
5243 1009
6110 1009
6110 1134
6205 1134
6205 1628
8137 1628
8137 4250
9549 4250
9549 4939
19594 4939
19594 6010
21099 6010
21099 6614
21843 6614
21843 9305
23171 9305
23171 11434
24444 11434
24444 24798
3112 24798
3112 24766
3878 24766
3878 23867
4110 23867
4110 23760
5167 23760
5167 23216
5579 23216
5579 23010
5846 23010
5846 22034
7993 22034
7993 21846
9834 21846
9834 21308
12846 21308
12846 20708
13818 20708
13818 20266
14809 20266
14809 19221
15699 19221
15699 18737
18723 18737
18723 18185
19858 18185
19858 17438
20467 17438
20467 16954
21481 16954
21481 15150
22211 15150
22211 14445
23960 14445
23960 9668
24438 9668
24438 3647
24484 3647
3194 3647
3194 4367
3194 4753
19121 4753
19121 7348
23322 7348
23322 8093
23751 8093
23751 8309
24110 8309
24110 9685
24441 9685
24441 24929
3195 24929
3195 24814
3876 24814
3876 24666
4359 24666
4359 24137
5277 24137
5277 24040
6238 24040
6238 23758
6926 23758
6926 23509
7257 23509
7257 22905
7625 22905
7625 22392
9775 22392
9775 21916
10908 21916
10908 20389
12973 20389
12973 19183
14154 19183
14154 15895
21983 15895
21983 15122
22831 15122
22831 9236
24041 9236
24041 7980
24290 7980
3275 7980
3275 540
3275 686
4920 686
4920 893
6056 893
6056 1861
9769 1861
9769 2199
10674 2199
10674 2500
12147 2500
12147 3498
15583 3498
15583 3960
16756 3960
16756 4044
17821 4044
17821 4505
19654 4505
19654 5686
21097 5686
21097 6903
23386 6903
23386 7698
24050 7698
24050 17876
24169 17876
3359 17876
3359 4176
3359 4233
16336 4233
16336 4706
19849 4706
19849 7127
20679 7127
20679 7418
24018 7418
24018 7626
24277 7626
24277 24921
3851 24921
3851 24839
4515 24839
4515 24444
5010 24444
5010 24136
5936 24136
5936 23019
6617 23019
6617 22123
8009 22123
8009 18901
18491 18901
18491 16908
20531 16908
20531 8805
23425 8805
23425 8517
24106 8517
24106 4815
24269 4815
24269 4285
24269 24254
4021 24254
4021 22668
4761 22668
4761 21830
10938 21830
10938 20412
15603 20412
15603 19623
16215 19623
16215 19484
18682 19484
18682 18443
19828 18443
19828 18299
20862 18299
20862 17863
21030 17863
21030 17194
21121 17194
21121 17029
22464 17029
22464 16910
23917 16910
23917 4036
24039 4036
24039 1435
4087 1435
4087 224
4087 282
4714 282
4714 644
5227 644
5227 761
6823 761
6823 1209
7418 1209
7418 1441
8661 1441
8661 1608
10842 1608
10842 2365
11130 2365
11130 3911
11470 3911
11470 4019
15580 4019
15580 4396
20822 4396
20822 4804
22241 4804
22241 5408
22956 5408
22956 8339
23770 8339
23770 18351
23974 18351
23974 22515
4304 22515
4304 22011
4747 22011
4747 21855
11896 21855
11896 20773
14411 20773
14411 20516
15882 20516
15882 19285
18487 19285
18487 17028
23246 17028
23246 4183
23727 4183
23727 2906
23836 2906
4363 2906
4363 222
4363 412
5345 412
5345 579
6247 579
6247 1601
9493 1601
9493 4247
19331 4247
19331 5242
21899 5242
21899 5932
22825 5932
22825 17861
23580 17861
23580 21174
23713 21174
23713 24863
4708 24863
4708 24660
5286 24660
5286 24317
6115 24317
6115 23326
6870 23326
6870 23023
7392 23023
7392 22156
10972 22156
10972 21937
11446 21937
11446 20649
16296 20649
16296 19894
18481 19894
18481 17840
21411 17840
21411 6463
21972 6463
21972 4817
22341 4817
22341 2041
23801 2041
23801 1659
23801 24624
5018 24624
5018 24592
6190 24592
6190 24385
7262 24385
7262 24169
7789 24169
7789 23990
8107 23990
8107 23773
8697 23773
8697 22657
10750 22657
10750 22211
11555 22211
11555 22030
15053 22030
15053 21203
16289 21203
16289 19979
18824 19979
18824 19441
20628 19441
20628 19041
21416 19041
21416 6452
21754 6452
21754 4510
22170 4510
22170 3943
22248 3943
22248 1658
23233 1658
23233 1555
23777 1555
23777 24737
5133 24737
5133 24607
6458 24607
6458 23649
7636 23649
7636 22944
11052 22944
11052 22687
11567 22687
11567 22221
13808 22221
13808 21386
15287 21386
15287 21271
16270 21271
16270 18378
22445 18378
22445 4843
23234 4843
23234 4549
23234 23044
5160 23044
5160 23043
6212 23043
6212 22443
14008 22443
14008 22217
15017 22217
15017 21294
17494 21294
17494 20503
20088 20503
20088 20139
22161 20139
22161 19921
23313 19921
23313 24819
5317 24819
5317 24787
5999 24787
5999 24418
7702 24418
7702 24104
8537 24104
8537 23229
11410 23229
11410 23059
11893 23059
11893 22526
14911 22526
14911 22116
16907 22116
16907 21237
18229 21237
18229 20792
21355 20792
21355 20585
22417 20585
22417 20207
22417 23045
5332 23045
5332 22195
14858 22195
14858 7487
20468 7487
20468 3902
21004 3902
21004 1803
21634 1803
21634 1193
22019 1193
22019 584
22326 584
5914 584
5914 2535
5914 3743
9931 3743
9931 4261
21467 4261
21467 21416
22400 21416
22400 21517
22772 21517
22772 22087
23653 22087
23653 22576
5937 22576
5937 2482
5937 3511
11737 3511
11737 4045
21141 4045
21141 20838
21717 20838
21717 22068
22266 22068
22266 23250
23219 23250
23219 23501
23219 24873
6055 24873
6055 24786
7711 24786
7711 24352
9048 24352
9048 23632
10274 23632
10274 22716
15303 22716
15303 22652
16096 22652
16096 21609
17924 21609
17924 21430
18634 21430
18634 21169
23463 21169
23463 20802
23463 22466
6060 22466
6060 21653
18776 21653
18776 4163
22175 4163
22175 1118
22284 1118
22284 24919
6533 24919
6533 24903
8229 24903
8229 23219
8435 23219
8435 22950
15519 22950
15519 22563
18024 22563
18024 22400
19136 22400
19136 21525
20762 21525
20762 21309
23217 21309
6653 21309
6653 727
6653 1135
8676 1135
8676 3336
17303 3336
17303 3669
18046 3669
18046 21451
19115 21451
19115 21765
20198 21765
20198 22230
21668 22230
21668 22916
23153 22916
23153 24369
6753 24369
6753 127
6753 543
7079 543
7079 784
8961 784
8961 1399
11199 1399
11199 1735
11795 1735
11795 2047
12270 2047
12270 2353
14522 2353
14522 2719
16500 2719
16500 2986
17401 2986
17401 3293
18726 3293
18726 21610
21386 21610
21386 22163
21771 22163
21771 22819
22643 22819
6889 22819
6889 704
6889 1154
9889 1154
9889 1342
11447 1342
11447 2316
16638 2316
16638 2469
17109 2469
17109 3241
19963 3241
19963 21614
21667 21614
21667 21930
7324 21930
7324 340
7324 477
9910 477
9910 628
11192 628
11192 1288
12183 1288
12183 1839
14041 1839
14041 2288
17072 2288
17072 3483
21237 3483
21237 21966
8163 21966
8163 102
8163 271
10013 271
10013 499
11244 499
11244 1015
12466 1015
12466 1599
14390 1599
14390 1796
14704 1796
14704 2858
18707 2858
18707 22058
20892 22058
20892 24957
8339 24957
8339 24874
9077 24874
9077 24295
9714 24295
9714 24054
11544 24054
11544 23737
13279 23737
13279 23495
16579 23495
16579 23294
18409 23294
18409 21903
23162 21903
23162 24502
8847 24502
8847 24421
10764 24421
10764 23966
13740 23966
13740 23665
16583 23665
16583 22811
17829 22811
17829 2331
18180 2331
18180 1635
18940 1635
18940 1385
19211 1385
19211 856
19623 856
19623 712
21653 712
21653 539
21653 24973
9168 24973
9168 24430
13814 24430
13814 23933
16377 23933
16377 23774
17044 23774
17044 23715
18186 23715
18186 23394
20233 23394
20233 1748
22089 1748
22089 971
9816 971
9816 1275
9816 2330
17707 2330
17707 2713
19642 2713
19642 23672
19996 23672
19996 24174
20221 24174
20221 24686
9880 24686
9880 24612
12281 24612
12281 23962
16693 23962
16693 23376
18105 23376
18105 2542
19292 2542
19292 1981
19759 1981
19759 1259
20499 1259
20499 24754
9926 24754
9926 24623
16536 24623
16536 24225
17161 24225
17161 23991
18248 23991
18248 23484
21319 23484
21319 1720
21319 24972
9939 24972
9939 24943
10074 24943
10074 22825
17758 22825
17758 1911
19040 1911
19040 834
19122 834
19122 731
19247 731
19247 1426
12457 1426
12457 891
15817 891
15817 766
15947 766
15947 439
12791 439
12791 899
12791 1115
13524 1115
13524 1388
14827 1388
14827 2537
20295 2537
20295 24066
20588 24066
13210 24066
13210 1040
13210 1066
14725 1066
14725 1223
17029 1223
17029 1542
21182 1542
15456 1542
15456 952
15456 1384
18506 1384
18506 24042
19146 24042
17231 24042
17231 24196
17231 24202
17723 24202
17723 24522
17997 24522
17997 24563
18551 24563
17659 24563
17659 1347
17659 24362
18300 24362
